kinematics:
  shoulder:
    x: 0
    y: 0
    z: 0.16249519295331266
    roll: -0
    pitch: 0
    yaw: -5.0579155544926147e-07
  upper_arm:
    x: -8.236670698272123e-05
    y: 0
    z: 0
    roll: 1.5708934091563846
    pitch: 0
    yaw: 3.0238576107739642e-06
  forearm:
    x: -0.42530593980668469
    y: 0
    z: 0
    roll: 0.00074873745746384575
    pitch: 0.0018121142845620561
    yaw: 3.1818448501826523e-07
  wrist_1:
    x: -0.39187117999033638
    y: 1.3331732858891436e-05
    z: 0.13420120922476186
    roll: 3.1414933122135711
    pitch: 3.1401526999785689
    yaw: -3.1415910083567922
  wrist_2:
    x: 6.237405277716771e-05
    y: -0.099790033702125927
    z: 0.00012926877798609049
    roll: 1.5695009198200458
    pitch: 0
    yaw: -4.2639688904028134e-07
  wrist_3:
    x: 2.9368827986630424e-05
    y: 0.099600779633463893
    z: 1.8275305581984139e-05
    roll: 1.5709798123604126
    pitch: 3.1415926535897931
    yaw: 3.1415922337051438
  hash: calib_12373697501135603865